0;1;30.060600;30.060600;0.000000;1,2,3,66,67,1091,1123,1155
1;1;32.000000;30.060600;0.000000;0,2,3,1123,1155
2;1;32.000000;32.000000;0.000000;0,1,3
3;1;30.060600;32.000000;0.000000;0,1,2,66,67
4;1;-32.000000;30.060600;0.000000;5,6,7,131,130
5;1;-30.060600;30.060600;0.000000;4,6,7,8,9,131,130,163
6;1;-30.060600;32.000000;0.000000;4,5,7,8,9
7;1;-32.000000;32.000000;0.000000;4,5,6
8;1;-28.121200;30.060600;0.000000;5,9,6,10,11,130,163,195
9;1;-28.121200;32.000000;0.000000;5,8,6,10,11
10;1;-26.181800;30.060600;0.000000;8,11,9,12,13,163,195,227
11;1;-26.181800;32.000000;0.000000;8,10,9,12,13
12;1;-24.242400;30.060600;0.000000;10,13,11,14,15,195,227,259
13;1;-24.242400;32.000000;0.000000;10,12,11,14,15
14;1;-22.303000;30.060600;0.000000;12,15,13,16,17,227,259,291
15;1;-22.303000;32.000000;0.000000;12,14,13,16,17
16;1;-20.363600;30.060600;0.000000;14,17,15,18,19,259,291,323
17;1;-20.363600;32.000000;0.000000;14,16,15,18,19
18;1;-18.424200;30.060600;0.000000;16,19,17,20,21,291,323,355
19;1;-18.424200;32.000000;0.000000;16,18,17,20,21
20;1;-16.484800;30.060600;0.000000;18,21,19,22,23,323,355,387
21;1;-16.484800;32.000000;0.000000;18,20,19,22,23
22;1;-14.545500;30.060600;0.000000;20,23,21,24,25,355,387,419
23;1;-14.545500;32.000000;0.000000;20,22,21,24,25
24;1;-12.606100;30.060600;0.000000;22,25,23,26,27,387,419,451
25;1;-12.606100;32.000000;0.000000;22,24,23,26,27
26;1;-10.666700;30.060600;0.000000;24,27,25,28,29,419,451,483
27;1;-10.666700;32.000000;0.000000;24,26,25,28,29
28;1;-8.727270;30.060600;0.000000;26,29,27,30,31,451,483,515
29;1;-8.727270;32.000000;0.000000;26,28,27,30,31
30;1;-6.787880;30.060600;0.000000;28,31,29,32,33,483,515,547
31;1;-6.787880;32.000000;0.000000;28,30,29,32,33
32;1;-4.848480;30.060600;0.000000;30,33,31,34,35,515,547,579
33;1;-4.848480;32.000000;0.000000;30,32,31,34,35
34;1;-2.909090;30.060600;0.000000;32,35,33,36,37,547,579,611
35;1;-2.909090;32.000000;0.000000;32,34,33,36,37
36;1;-0.969698;30.060600;0.000000;34,37,35,38,39,579,611,643
37;1;-0.969698;32.000000;0.000000;34,36,35,38,39
38;1;0.969696;30.060600;0.000000;36,39,37,40,41,611,643,675
39;1;0.969696;32.000000;0.000000;36,38,37,40,41
40;1;2.909090;30.060600;0.000000;38,41,39,42,43,643,675,707
41;1;2.909090;32.000000;0.000000;38,40,39,42,43
42;1;4.848480;30.060600;0.000000;40,43,41,44,45,675,707,739
43;1;4.848480;32.000000;0.000000;40,42,41,44,45
44;1;6.787880;30.060600;0.000000;42,45,43,46,47,707,739,771
45;1;6.787880;32.000000;0.000000;42,44,43,46,47
46;1;8.727270;30.060600;0.000000;44,47,45,48,49,739,771,803
47;1;8.727270;32.000000;0.000000;44,46,45,48,49
48;1;10.666700;30.060600;0.000000;46,49,47,50,51,771,803,835
49;1;10.666700;32.000000;0.000000;46,48,47,50,51
50;1;12.606100;30.060600;0.000000;48,51,49,52,53,803,835,867
51;1;12.606100;32.000000;0.000000;48,50,49,52,53
52;1;14.545500;30.060600;0.000000;50,53,51,54,55,835,867,899
53;1;14.545500;32.000000;0.000000;50,52,51,54,55
54;1;16.484800;30.060600;0.000000;52,55,53,56,57,867,899,931
55;1;16.484800;32.000000;0.000000;52,54,53,56,57
56;1;18.424200;30.060600;0.000000;54,57,55,58,59,899,931,963
57;1;18.424200;32.000000;0.000000;54,56,55,58,59
58;1;20.363600;30.060600;0.000000;56,59,57,60,61,931,963,995
59;1;20.363600;32.000000;0.000000;56,58,57,60,61
60;1;22.303000;30.060600;0.000000;58,61,59,62,63,963,995,1027
61;1;22.303000;32.000000;0.000000;58,60,59,62,63
62;1;24.242400;30.060600;0.000000;60,63,61,64,65,995,1027,1059
63;1;24.242400;32.000000;0.000000;60,62,61,64,65
64;1;26.181800;30.060600;0.000000;62,65,63,66,67,1027,1059,1091
65;1;26.181800;32.000000;0.000000;62,64,63,66,67
66;1;28.121200;30.060600;0.000000;64,67,65,0,3,1059,1091,1123
67;1;28.121200;32.000000;0.000000;64,66,65,0,3
68;1;-32.000000;-32.000000;0.000000;69,70,71
69;1;-30.060600;-32.000000;0.000000;68,70,71,132,133
70;1;-30.060600;-30.060600;0.000000;68,69,71,72,73,132,133,134
71;1;-32.000000;-30.060600;0.000000;68,69,70,72,73
72;1;-30.060600;-28.121200;0.000000;71,70,73,74,75,133,134,135
73;1;-32.000000;-28.121200;0.000000;71,70,72,74,75
74;1;-30.060600;-26.181800;0.000000;73,72,75,76,77,134,135,136
75;1;-32.000000;-26.181800;0.000000;73,72,74,76,77
76;1;-30.060600;-24.242400;0.000000;75,74,77,78,79,135,136,137
77;1;-32.000000;-24.242400;0.000000;75,74,76,78,79
78;1;-30.060600;-22.303000;0.000000;77,76,79,80,81,136,137,138
79;1;-32.000000;-22.303000;0.000000;77,76,78,80,81
80;1;-30.060600;-20.363600;0.000000;79,78,81,82,83,137,138,139
81;1;-32.000000;-20.363600;0.000000;79,78,80,82,83
82;1;-30.060600;-18.424200;0.000000;81,80,83,84,85,138,139,140
83;1;-32.000000;-18.424200;0.000000;81,80,82,84,85
84;1;-30.060600;-16.484800;0.000000;83,82,85,86,87,139,140,141
85;1;-32.000000;-16.484800;0.000000;83,82,84,86,87
86;1;-30.060600;-14.545500;0.000000;85,84,87,88,89,140,141,142
87;1;-32.000000;-14.545500;0.000000;85,84,86,88,89
88;1;-30.060600;-12.606100;0.000000;87,86,89,90,91,141,142,143
89;1;-32.000000;-12.606100;0.000000;87,86,88,90,91
90;1;-30.060600;-10.666700;0.000000;89,88,91,92,93,142,143,144
91;1;-32.000000;-10.666700;0.000000;89,88,90,92,93
92;1;-30.060600;-8.727270;0.000000;91,90,93,94,95,143,144,145
93;1;-32.000000;-8.727270;0.000000;91,90,92,94,95
94;1;-30.060600;-6.787880;0.000000;93,92,95,96,97,144,145,146
95;1;-32.000000;-6.787880;0.000000;93,92,94,96,97
96;1;-30.060600;-4.848480;0.000000;95,94,97,98,99,145,146,147
97;1;-32.000000;-4.848480;0.000000;95,94,96,98,99
98;1;-30.060600;-2.909090;0.000000;97,96,99,100,101,146,147,148
99;1;-32.000000;-2.909090;0.000000;97,96,98,100,101
100;1;-30.060600;-0.969696;0.000000;99,98,101,102,103,147,148,149
101;1;-32.000000;-0.969698;0.000000;99,98,100,102,103
102;1;-30.060600;0.969698;0.000000;101,100,103,104,105,148,149,150
103;1;-32.000000;0.969696;0.000000;101,100,102,104,105
104;1;-30.060600;2.909090;0.000000;103,102,105,106,107,149,150,151
105;1;-32.000000;2.909090;0.000000;103,102,104,106,107
106;1;-30.060600;4.848480;0.000000;105,104,107,108,109,150,151,152
107;1;-32.000000;4.848480;0.000000;105,104,106,108,109
108;1;-30.060600;6.787880;0.000000;107,106,109,110,111,151,152,153
109;1;-32.000000;6.787880;0.000000;107,106,108,110,111
110;1;-30.060600;8.727270;0.000000;109,108,111,112,113,152,153,154
111;1;-32.000000;8.727270;0.000000;109,108,110,112,113
112;1;-30.060600;10.666700;0.000000;111,110,113,114,115,153,154,155
113;1;-32.000000;10.666700;0.000000;111,110,112,114,115
114;1;-30.060600;12.606100;0.000000;113,112,115,116,117,154,155,156
115;1;-32.000000;12.606100;0.000000;113,112,114,116,117
116;1;-30.060600;14.545500;0.000000;115,114,117,118,119,155,156,157
117;1;-32.000000;14.545500;0.000000;115,114,116,118,119
118;1;-30.060600;16.484800;0.000000;117,116,119,120,121,156,157,158
119;1;-32.000000;16.484800;0.000000;117,116,118,120,121
120;1;-30.060600;18.424200;0.000000;119,118,121,122,123,157,158,159
121;1;-32.000000;18.424200;0.000000;119,118,120,122,123
122;1;-30.060600;20.363600;0.000000;121,120,123,124,125,158,159,160
123;1;-32.000000;20.363600;0.000000;121,120,122,124,125
124;1;-30.060600;22.303000;0.000000;123,122,125,126,127,159,160,161
125;1;-32.000000;22.303000;0.000000;123,122,124,126,127
126;1;-30.060600;24.242400;0.000000;125,124,127,128,129,160,161,162
127;1;-32.000000;24.242400;0.000000;125,124,126,128,129
128;1;-30.060600;26.181800;0.000000;127,126,129,130,131,161,162,163
129;1;-32.000000;26.181800;0.000000;127,126,128,130,131
130;1;-30.060600;28.121200;0.000000;129,128,131,5,4,162,163,8
131;1;-32.000000;28.121200;0.000000;129,128,130,5,4
132;1;-28.121200;-32.000000;0.000000;69,133,70,164,165
133;1;-28.121200;-30.060600;0.000000;69,132,70,134,72,164,165,166
134;1;-28.121200;-28.121200;0.000000;70,133,72,135,74,165,166,167
135;1;-28.121200;-26.181800;0.000000;72,134,74,136,76,166,167,168
136;1;-28.121200;-24.242400;0.000000;74,135,76,137,78,167,168,169
137;1;-28.121200;-22.303000;0.000000;76,136,78,138,80,168,169,170
138;1;-28.121200;-20.363600;0.000000;78,137,80,139,82,169,170,171
139;1;-28.121200;-18.424200;0.000000;80,138,82,140,84,170,171,172
140;1;-28.121200;-16.484800;0.000000;82,139,84,141,86,171,172,173
141;1;-28.121200;-14.545500;0.000000;84,140,86,142,88,172,173,174
142;1;-28.121200;-12.606100;0.000000;86,141,88,143,90,173,174,175
143;1;-28.121200;-10.666700;0.000000;88,142,90,144,92,174,175,176
144;1;-28.121200;-8.727270;0.000000;90,143,92,145,94,175,176,177
145;1;-28.121200;-6.787880;0.000000;92,144,94,146,96,176,177,178
146;1;-28.121200;-4.848480;0.000000;94,145,96,147,98,177,178,179
147;1;-28.121200;-2.909090;0.000000;96,146,98,148,100,178,179,180
148;1;-28.121200;-0.969696;0.000000;98,147,100,149,102,179,180,181
149;1;-28.121200;0.969698;0.000000;100,148,102,150,104,180,181,182
150;1;-28.121200;2.909090;0.000000;102,149,104,151,106,181,182,183
151;1;-28.121200;4.848480;0.000000;104,150,106,152,108,182,183,184
152;1;-28.121200;6.787880;0.000000;106,151,108,153,110,183,184,185
153;1;-28.121200;8.727270;0.000000;108,152,110,154,112,184,185,186
154;1;-28.121200;10.666700;0.000000;110,153,112,155,114,185,186,187
155;1;-28.121200;12.606100;0.000000;112,154,114,156,116,186,187,188
156;1;-28.121200;14.545500;0.000000;114,155,116,157,118,187,188,189
157;1;-28.121200;16.484800;0.000000;116,156,118,158,120,188,189,190
158;1;-28.121200;18.424200;0.000000;118,157,120,159,122,189,190,191
159;1;-28.121200;20.363600;0.000000;120,158,122,160,124,190,191,192
160;1;-28.121200;22.303000;0.000000;122,159,124,161,126,191,192,193
161;1;-28.121200;24.242400;0.000000;124,160,126,162,128,192,193,194
162;1;-28.121200;26.181800;0.000000;126,161,128,163,130,193,194,195
163;1;-28.121200;28.121200;0.000000;128,162,130,8,5,194,195,10
164;1;-26.181800;-32.000000;0.000000;132,165,133,196,197
165;1;-26.181800;-30.060600;0.000000;132,164,133,166,134,196,197,198
166;1;-26.181800;-28.121200;0.000000;133,165,134,167,135,197,198,199
167;1;-26.181800;-26.181800;0.000000;134,166,135,168,136,198,199,200
168;1;-26.181800;-24.242400;0.000000;135,167,136,169,137,199,200,201
169;1;-26.181800;-22.303000;0.000000;136,168,137,170,138,200,201,202
170;1;-26.181800;-20.363600;0.000000;137,169,138,171,139,201,202,203
171;1;-26.181800;-18.424200;0.000000;138,170,139,172,140,202,203,204
172;1;-26.181800;-16.484800;0.000000;139,171,140,173,141,203,204,205
173;1;-26.181800;-14.545500;0.000000;140,172,141,174,142,204,205,206
174;1;-26.181800;-12.606100;0.000000;141,173,142,175,143,205,206,207
175;1;-26.181800;-10.666700;0.000000;142,174,143,176,144,206,207,208
176;1;-26.181800;-8.727270;0.000000;143,175,144,177,145,207,208,209
177;1;-26.181800;-6.787880;0.000000;144,176,145,178,146,208,209,210
178;1;-26.181800;-4.848480;0.000000;145,177,146,179,147,209,210,211
179;1;-26.181800;-2.909090;0.000000;146,178,147,180,148,210,211,212
180;1;-26.181800;-0.969696;0.000000;147,179,148,181,149,211,212,213
181;1;-26.181800;0.969698;0.000000;148,180,149,182,150,212,213,214
182;1;-26.181800;2.909090;0.000000;149,181,150,183,151,213,214,215
183;1;-26.181800;4.848480;0.000000;150,182,151,184,152,214,215,216
184;1;-26.181800;6.787880;0.000000;151,183,152,185,153,215,216,217
185;1;-26.181800;8.727270;0.000000;152,184,153,186,154,216,217,218
186;1;-26.181800;10.666700;0.000000;153,185,154,187,155,217,218,219
187;1;-26.181800;12.606100;0.000000;154,186,155,188,156,218,219,220
188;1;-26.181800;14.545500;0.000000;155,187,156,189,157,219,220,221
189;1;-26.181800;16.484800;0.000000;156,188,157,190,158,220,221,222
190;1;-26.181800;18.424200;0.000000;157,189,158,191,159,221,222,223
191;1;-26.181800;20.363600;0.000000;158,190,159,192,160,222,223,224
192;1;-26.181800;22.303000;0.000000;159,191,160,193,161,223,224,225
193;1;-26.181800;24.242400;0.000000;160,192,161,194,162,224,225,226
194;1;-26.181800;26.181800;0.000000;161,193,162,195,163,225,226,227
195;1;-26.181800;28.121200;0.000000;162,194,163,10,8,226,227,12
196;1;-24.242400;-32.000000;0.000000;164,197,165,228,229
197;1;-24.242400;-30.060600;0.000000;164,196,165,198,166,228,229,230
198;1;-24.242400;-28.121200;0.000000;165,197,166,199,167,229,230,231
199;1;-24.242400;-26.181800;0.000000;166,198,167,200,168,230,231,232
200;1;-24.242400;-24.242400;0.000000;167,199,168,201,169,231,232,233
201;1;-24.242400;-22.303000;0.000000;168,200,169,202,170,232,233,234
202;1;-24.242400;-20.363600;0.000000;169,201,170,203,171,233,234,235
203;1;-24.242400;-18.424200;0.000000;170,202,171,204,172,234,235,236
204;1;-24.242400;-16.484800;0.000000;171,203,172,205,173,235,236,237
205;1;-24.242400;-14.545500;0.000000;172,204,173,206,174,236,237,238
206;1;-24.242400;-12.606100;0.000000;173,205,174,207,175,237,238,239
207;1;-24.242400;-10.666700;0.000000;174,206,175,208,176,238,239,240
208;1;-24.242400;-8.727270;0.000000;175,207,176,209,177,239,240,241
209;1;-24.242400;-6.787880;0.000000;176,208,177,210,178,240,241,242
210;1;-24.242400;-4.848480;0.000000;177,209,178,211,179,241,242,243
211;1;-24.242400;-2.909090;0.000000;178,210,179,212,180,242,243,244
212;1;-24.242400;-0.969696;0.000000;179,211,180,213,181,243,244,245
213;1;-24.242400;0.969698;0.000000;180,212,181,214,182,244,245,246
214;1;-24.242400;2.909090;0.000000;181,213,182,215,183,245,246,247
215;1;-24.242400;4.848480;0.000000;182,214,183,216,184,246,247,248
216;1;-24.242400;6.787880;0.000000;183,215,184,217,185,247,248,249
217;1;-24.242400;8.727270;0.000000;184,216,185,218,186,248,249,250
218;1;-24.242400;10.666700;0.000000;185,217,186,219,187,249,250,251
219;1;-24.242400;12.606100;0.000000;186,218,187,220,188,250,251,252
220;1;-24.242400;14.545500;0.000000;187,219,188,221,189,251,252,253
221;1;-24.242400;16.484800;0.000000;188,220,189,222,190,252,253,254
222;1;-24.242400;18.424200;0.000000;189,221,190,223,191,253,254,255
223;1;-24.242400;20.363600;0.000000;190,222,191,224,192,254,255,256
224;1;-24.242400;22.303000;0.000000;191,223,192,225,193,255,256,257
225;1;-24.242400;24.242400;0.000000;192,224,193,226,194,256,257,258
226;1;-24.242400;26.181800;0.000000;193,225,194,227,195,257,258,259
227;1;-24.242400;28.121200;0.000000;194,226,195,12,10,258,259,14
228;1;-22.303000;-32.000000;0.000000;196,229,197,260,261
229;1;-22.303000;-30.060600;0.000000;196,228,197,230,198,260,261,262
230;1;-22.303000;-28.121200;0.000000;197,229,198,231,199,261,262,263
231;1;-22.303000;-26.181800;0.000000;198,230,199,232,200,262,263,264
232;1;-22.303000;-24.242400;0.000000;199,231,200,233,201,263,264,265
233;1;-22.303000;-22.303000;0.000000;200,232,201,234,202,264,265,266
234;1;-22.303000;-20.363600;0.000000;201,233,202,235,203,265,266,267
235;1;-22.303000;-18.424200;0.000000;202,234,203,236,204,266,267,268
236;1;-22.303000;-16.484800;0.000000;203,235,204,237,205,267,268,269
237;1;-22.303000;-14.545500;0.000000;204,236,205,238,206,268,269,270
238;1;-22.303000;-12.606100;0.000000;205,237,206,239,207,269,270,271
239;1;-22.303000;-10.666700;0.000000;206,238,207,240,208,270,271,272
240;1;-22.303000;-8.727270;0.000000;207,239,208,241,209,271,272,273
241;1;-22.303000;-6.787880;0.000000;208,240,209,242,210,272,273,274
242;1;-22.303000;-4.848480;0.000000;209,241,210,243,211,273,274,275
243;1;-22.303000;-2.909090;0.000000;210,242,211,244,212,274,275,276
244;1;-22.303000;-0.969696;0.000000;211,243,212,245,213,275,276,277
245;1;-22.303000;0.969698;0.000000;212,244,213,246,214,276,277,278
246;1;-22.303000;2.909090;0.000000;213,245,214,247,215,277,278,279
247;1;-22.303000;4.848480;0.000000;214,246,215,248,216,278,279,280
248;1;-22.303000;6.787880;0.000000;215,247,216,249,217,279,280,281
249;1;-22.303000;8.727270;0.000000;216,248,217,250,218,280,281,282
250;1;-22.303000;10.666700;0.000000;217,249,218,251,219,281,282,283
251;1;-22.303000;12.606100;0.000000;218,250,219,252,220,282,283,284
252;1;-22.303000;14.545500;0.000000;219,251,220,253,221,283,284,285
253;1;-22.303000;16.484800;0.000000;220,252,221,254,222,284,285,286
254;1;-22.303000;18.424200;0.000000;221,253,222,255,223,285,286,287
255;1;-22.303000;20.363600;0.000000;222,254,223,256,224,286,287,288
256;1;-22.303000;22.303000;0.000000;223,255,224,257,225,287,288,289
257;1;-22.303000;24.242400;0.000000;224,256,225,258,226,288,289,290
258;1;-22.303000;26.181800;0.000000;225,257,226,259,227,289,290,291
259;1;-22.303000;28.121200;0.000000;226,258,227,14,12,290,291,16
260;1;-20.363600;-32.000000;0.000000;228,261,229,292,293
261;1;-20.363600;-30.060600;0.000000;228,260,229,262,230,292,293,294
262;1;-20.363600;-28.121200;0.000000;229,261,230,263,231,293,294,295
263;1;-20.363600;-26.181800;0.000000;230,262,231,264,232,294,295,296
264;1;-20.363600;-24.242400;0.000000;231,263,232,265,233,295,296,297
265;1;-20.363600;-22.303000;0.000000;232,264,233,266,234,296,297,298
266;1;-20.363600;-20.363600;0.000000;233,265,234,267,235,297,298,299
267;1;-20.363600;-18.424200;0.000000;234,266,235,268,236,298,299,300
268;1;-20.363600;-16.484800;0.000000;235,267,236,269,237,299,300,301
269;1;-20.363600;-14.545500;0.000000;236,268,237,270,238,300,301,302
270;1;-20.363600;-12.606100;0.000000;237,269,238,271,239,301,302,303
271;1;-20.363600;-10.666700;0.000000;238,270,239,272,240,302,303,304
272;1;-20.363600;-8.727270;0.000000;239,271,240,273,241,303,304,305
273;1;-20.363600;-6.787880;0.000000;240,272,241,274,242,304,305,306
274;1;-20.363600;-4.848480;0.000000;241,273,242,275,243,305,306,307
275;1;-20.363600;-2.909090;0.000000;242,274,243,276,244,306,307,308
276;1;-20.363600;-0.969696;0.000000;243,275,244,277,245,307,308,309
277;1;-20.363600;0.969698;0.000000;244,276,245,278,246,308,309,310
278;1;-20.363600;2.909090;0.000000;245,277,246,279,247,309,310,311
279;1;-20.363600;4.848480;0.000000;246,278,247,280,248,310,311,312
280;1;-20.363600;6.787880;0.000000;247,279,248,281,249,311,312,313
281;1;-20.363600;8.727270;0.000000;248,280,249,282,250,312,313,314
282;1;-20.363600;10.666700;0.000000;249,281,250,283,251,313,314,315
283;1;-20.363600;12.606100;0.000000;250,282,251,284,252,314,315,316
284;1;-20.363600;14.545500;0.000000;251,283,252,285,253,315,316,317
285;1;-20.363600;16.484800;0.000000;252,284,253,286,254,316,317,318
286;1;-20.363600;18.424200;0.000000;253,285,254,287,255,317,318,319
287;1;-20.363600;20.363600;0.000000;254,286,255,288,256,318,319,320
288;1;-20.363600;22.303000;0.000000;255,287,256,289,257,319,320,321
289;1;-20.363600;24.242400;0.000000;256,288,257,290,258,320,321,322
290;1;-20.363600;26.181800;0.000000;257,289,258,291,259,321,322,323
291;1;-20.363600;28.121200;0.000000;258,290,259,16,14,322,323,18
292;1;-18.424200;-32.000000;0.000000;260,293,261,324,325
293;1;-18.424200;-30.060600;0.000000;260,292,261,294,262,324,325,326
294;1;-18.424200;-28.121200;0.000000;261,293,262,295,263,325,326,327
295;1;-18.424200;-26.181800;0.000000;262,294,263,296,264,326,327,328
296;1;-18.424200;-24.242400;0.000000;263,295,264,297,265,327,328,329
297;1;-18.424200;-22.303000;0.000000;264,296,265,298,266,328,329,330
298;1;-18.424200;-20.363600;0.000000;265,297,266,299,267,329,330,331
299;1;-18.424200;-18.424200;0.000000;266,298,267,300,268,330,331,332
300;1;-18.424200;-16.484800;0.000000;267,299,268,301,269,331,332,333
301;1;-18.424200;-14.545500;0.000000;268,300,269,302,270,332,333,334
302;1;-18.424200;-12.606100;0.000000;269,301,270,303,271,333,334,335
303;1;-18.424200;-10.666700;0.000000;270,302,271,304,272,334,335,336
304;1;-18.424200;-8.727270;0.000000;271,303,272,305,273,335,336,337
305;1;-18.424200;-6.787880;0.000000;272,304,273,306,274,336,337,338
306;1;-18.424200;-4.848480;0.000000;273,305,274,307,275,337,338,339
307;1;-18.424200;-2.909090;0.000000;274,306,275,308,276,338,339,340
308;1;-18.424200;-0.969696;0.000000;275,307,276,309,277,339,340,341
309;1;-18.424200;0.969698;0.000000;276,308,277,310,278,340,341,342
310;1;-18.424200;2.909090;0.000000;277,309,278,311,279,341,342,343
311;1;-18.424200;4.848480;0.000000;278,310,279,312,280,342,343,344
312;1;-18.424200;6.787880;0.000000;279,311,280,313,281,343,344,345
313;1;-18.424200;8.727270;0.000000;280,312,281,314,282,344,345,346
314;1;-18.424200;10.666700;0.000000;281,313,282,315,283,345,346,347
315;1;-18.424200;12.606100;0.000000;282,314,283,316,284,346,347,348
316;1;-18.424200;14.545500;0.000000;283,315,284,317,285,347,348,349
317;1;-18.424200;16.484800;0.000000;284,316,285,318,286,348,349,350
318;1;-18.424200;18.424200;0.000000;285,317,286,319,287,349,350,351
319;1;-18.424200;20.363600;0.000000;286,318,287,320,288,350,351,352
320;1;-18.424200;22.303000;0.000000;287,319,288,321,289,351,352,353
321;1;-18.424200;24.242400;0.000000;288,320,289,322,290,352,353,354
322;1;-18.424200;26.181800;0.000000;289,321,290,323,291,353,354,355
323;1;-18.424200;28.121200;0.000000;290,322,291,18,16,354,355,20
324;1;-16.484800;-32.000000;0.000000;292,325,293,356,357
325;1;-16.484800;-30.060600;0.000000;292,324,293,326,294,356,357,358
326;1;-16.484800;-28.121200;0.000000;293,325,294,327,295,357,358,359
327;1;-16.484800;-26.181800;0.000000;294,326,295,328,296,358,359,360
328;1;-16.484800;-24.242400;0.000000;295,327,296,329,297,359,360,361
329;1;-16.484800;-22.303000;0.000000;296,328,297,330,298,360,361,362
330;1;-16.484800;-20.363600;0.000000;297,329,298,331,299,361,362,363
331;1;-16.484800;-18.424200;0.000000;298,330,299,332,300,362,363,364
332;1;-16.484800;-16.484800;0.000000;299,331,300,333,301,363,364,365
333;1;-16.484800;-14.545500;0.000000;300,332,301,334,302,364,365,366
334;1;-16.484800;-12.606100;0.000000;301,333,302,335,303,365,366,367
335;1;-16.484800;-10.666700;0.000000;302,334,303,336,304,366,367,368
336;1;-16.484800;-8.727270;0.000000;303,335,304,337,305,367,368,369
337;1;-16.484800;-6.787880;0.000000;304,336,305,338,306,368,369,370
338;1;-16.484800;-4.848480;0.000000;305,337,306,339,307,369,370,371
339;1;-16.484800;-2.909090;0.000000;306,338,307,340,308,370,371,372
340;1;-16.484800;-0.969696;0.000000;307,339,308,341,309,371,372,373
341;1;-16.484800;0.969698;0.000000;308,340,309,342,310,372,373,374
342;1;-16.484800;2.909090;0.000000;309,341,310,343,311,373,374,375
343;1;-16.484800;4.848480;0.000000;310,342,311,344,312,374,375,376
344;1;-16.484800;6.787880;0.000000;311,343,312,345,313,375,376,377
345;1;-16.484800;8.727270;0.000000;312,344,313,346,314,376,377,378
346;1;-16.484800;10.666700;0.000000;313,345,314,347,315,377,378,379
347;1;-16.484800;12.606100;0.000000;314,346,315,348,316,378,379,380
348;1;-16.484800;14.545500;0.000000;315,347,316,349,317,379,380,381
349;1;-16.484800;16.484800;0.000000;316,348,317,350,318,380,381,382
350;1;-16.484800;18.424200;0.000000;317,349,318,351,319,381,382,383
351;1;-16.484800;20.363600;0.000000;318,350,319,352,320,382,383,384
352;1;-16.484800;22.303000;0.000000;319,351,320,353,321,383,384,385
353;1;-16.484800;24.242400;0.000000;320,352,321,354,322,384,385,386
354;1;-16.484800;26.181800;0.000000;321,353,322,355,323,385,386,387
355;1;-16.484800;28.121200;0.000000;322,354,323,20,18,386,387,22
356;1;-14.545500;-32.000000;0.000000;324,357,325,388,389
357;1;-14.545500;-30.060600;0.000000;324,356,325,358,326,388,389,390
358;1;-14.545500;-28.121200;0.000000;325,357,326,359,327,389,390,391
359;1;-14.545500;-26.181800;0.000000;326,358,327,360,328,390,391,392
360;1;-14.545500;-24.242400;0.000000;327,359,328,361,329,391,392,393
361;1;-14.545500;-22.303000;0.000000;328,360,329,362,330,392,393,394
362;1;-14.545500;-20.363600;0.000000;329,361,330,363,331,393,394,395
363;1;-14.545500;-18.424200;0.000000;330,362,331,364,332,394,395,396
364;1;-14.545500;-16.484800;0.000000;331,363,332,365,333,395,396,397
365;1;-14.545500;-14.545500;0.000000;332,364,333,366,334,396,397,398
366;1;-14.545500;-12.606100;0.000000;333,365,334,367,335,397,398,399
367;1;-14.545500;-10.666700;0.000000;334,366,335,368,336,398,399,400
368;1;-14.545500;-8.727270;0.000000;335,367,336,369,337,399,400,401
369;1;-14.545500;-6.787880;0.000000;336,368,337,370,338,400,401,402
370;1;-14.545500;-4.848480;0.000000;337,369,338,371,339,401,402,403
371;1;-14.545500;-2.909090;0.000000;338,370,339,372,340,402,403,404
372;1;-14.545500;-0.969696;0.000000;339,371,340,373,341,403,404,405
373;1;-14.545500;0.969698;0.000000;340,372,341,374,342,404,405,406
374;1;-14.545500;2.909090;0.000000;341,373,342,375,343,405,406,407
375;1;-14.545500;4.848480;0.000000;342,374,343,376,344,406,407,408
376;1;-14.545500;6.787880;0.000000;343,375,344,377,345,407,408,409
377;1;-14.545500;8.727270;0.000000;344,376,345,378,346,408,409,410
378;1;-14.545500;10.666700;0.000000;345,377,346,379,347,409,410,411
379;1;-14.545500;12.606100;0.000000;346,378,347,380,348,410,411,412
380;1;-14.545500;14.545500;0.000000;347,379,348,381,349,411,412,413
381;1;-14.545500;16.484800;0.000000;348,380,349,382,350,412,413,414
382;1;-14.545500;18.424200;0.000000;349,381,350,383,351,413,414,415
383;1;-14.545500;20.363600;0.000000;350,382,351,384,352,414,415,416
384;1;-14.545500;22.303000;0.000000;351,383,352,385,353,415,416,417
385;1;-14.545500;24.242400;0.000000;352,384,353,386,354,416,417,418
386;1;-14.545500;26.181800;0.000000;353,385,354,387,355,417,418,419
387;1;-14.545500;28.121200;0.000000;354,386,355,22,20,418,419,24
388;1;-12.606100;-32.000000;0.000000;356,389,357,420,421
389;1;-12.606100;-30.060600;0.000000;356,388,357,390,358,420,421,422
390;1;-12.606100;-28.121200;0.000000;357,389,358,391,359,421,422,423
391;1;-12.606100;-26.181800;0.000000;358,390,359,392,360,422,423,424
392;1;-12.606100;-24.242400;0.000000;359,391,360,393,361,423,424,425
393;1;-12.606100;-22.303000;0.000000;360,392,361,394,362,424,425,426
394;1;-12.606100;-20.363600;0.000000;361,393,362,395,363,425,426,427
395;1;-12.606100;-18.424200;0.000000;362,394,363,396,364,426,427,428
396;1;-12.606100;-16.484800;0.000000;363,395,364,397,365,427,428,429
397;1;-12.606100;-14.545500;0.000000;364,396,365,398,366,428,429,430
398;1;-12.606100;-12.606100;0.000000;365,397,366,399,367,429,430,431
399;1;-12.606100;-10.666700;0.000000;366,398,367,400,368,430,431,432
400;1;-12.606100;-8.727270;0.000000;367,399,368,401,369,431,432,433
401;1;-12.606100;-6.787880;0.000000;368,400,369,402,370,432,433,434
402;1;-12.606100;-4.848480;0.000000;369,401,370,403,371,433,434,435
403;1;-12.606100;-2.909090;0.000000;370,402,371,404,372,434,435,436
404;1;-12.606100;-0.969696;0.000000;371,403,372,405,373,435,436,437
405;1;-12.606100;0.969698;0.000000;372,404,373,406,374,436,437,438
406;1;-12.606100;2.909090;0.000000;373,405,374,407,375,437,438,439
407;1;-12.606100;4.848480;0.000000;374,406,375,408,376,438,439,440
408;1;-12.606100;6.787880;0.000000;375,407,376,409,377,439,440,441
409;1;-12.606100;8.727270;0.000000;376,408,377,410,378,440,441,442
410;1;-12.606100;10.666700;0.000000;377,409,378,411,379,441,442,443
411;1;-12.606100;12.606100;0.000000;378,410,379,412,380,442,443,444
412;1;-12.606100;14.545500;0.000000;379,411,380,413,381,443,444,445
413;1;-12.606100;16.484800;0.000000;380,412,381,414,382,444,445,446
414;1;-12.606100;18.424200;0.000000;381,413,382,415,383,445,446,447
415;1;-12.606100;20.363600;0.000000;382,414,383,416,384,446,447,448
416;1;-12.606100;22.303000;0.000000;383,415,384,417,385,447,448,449
417;1;-12.606100;24.242400;0.000000;384,416,385,418,386,448,449,450
418;1;-12.606100;26.181800;0.000000;385,417,386,419,387,449,450,451
419;1;-12.606100;28.121200;0.000000;386,418,387,24,22,450,451,26
420;1;-10.666700;-32.000000;0.000000;388,421,389,452,453
421;1;-10.666700;-30.060600;0.000000;388,420,389,422,390,452,453,454
422;1;-10.666700;-28.121200;0.000000;389,421,390,423,391,453,454,455
423;1;-10.666700;-26.181800;0.000000;390,422,391,424,392,454,455,456
424;1;-10.666700;-24.242400;0.000000;391,423,392,425,393,455,456,457
425;1;-10.666700;-22.303000;0.000000;392,424,393,426,394,456,457,458
426;1;-10.666700;-20.363600;0.000000;393,425,394,427,395,457,458,459
427;1;-10.666700;-18.424200;0.000000;394,426,395,428,396,458,459,460
428;1;-10.666700;-16.484800;0.000000;395,427,396,429,397,459,460,461
429;1;-10.666700;-14.545500;0.000000;396,428,397,430,398,460,461,462
430;1;-10.666700;-12.606100;0.000000;397,429,398,431,399,461,462,463
431;1;-10.666700;-10.666700;0.000000;398,430,399,432,400,462,463,464
432;1;-10.666700;-8.727270;0.000000;399,431,400,433,401,463,464,465
433;1;-10.666700;-6.787880;0.000000;400,432,401,434,402,464,465,466
434;1;-10.666700;-4.848480;0.000000;401,433,402,435,403,465,466,467
435;1;-10.666700;-2.909090;0.000000;402,434,403,436,404,466,467,468
436;1;-10.666700;-0.969696;0.000000;403,435,404,437,405,467,468,469
437;1;-10.666700;0.969698;0.000000;404,436,405,438,406,468,469,470
438;1;-10.666700;2.909090;0.000000;405,437,406,439,407,469,470,471
439;1;-10.666700;4.848480;0.000000;406,438,407,440,408,470,471,472
440;1;-10.666700;6.787880;0.000000;407,439,408,441,409,471,472,473
441;1;-10.666700;8.727270;0.000000;408,440,409,442,410,472,473,474
442;1;-10.666700;10.666700;0.000000;409,441,410,443,411,473,474,475
443;1;-10.666700;12.606100;0.000000;410,442,411,444,412,474,475,476
444;1;-10.666700;14.545500;0.000000;411,443,412,445,413,475,476,477
445;1;-10.666700;16.484800;0.000000;412,444,413,446,414,476,477,478
446;1;-10.666700;18.424200;0.000000;413,445,414,447,415,477,478,479
447;1;-10.666700;20.363600;0.000000;414,446,415,448,416,478,479,480
448;1;-10.666700;22.303000;0.000000;415,447,416,449,417,479,480,481
449;1;-10.666700;24.242400;0.000000;416,448,417,450,418,480,481,482
450;1;-10.666700;26.181800;0.000000;417,449,418,451,419,481,482,483
451;1;-10.666700;28.121200;0.000000;418,450,419,26,24,482,483,28
452;1;-8.727270;-32.000000;0.000000;420,453,421,484,485
453;1;-8.727270;-30.060600;0.000000;420,452,421,454,422,484,485,486
454;1;-8.727270;-28.121200;0.000000;421,453,422,455,423,485,486,487
455;1;-8.727270;-26.181800;0.000000;422,454,423,456,424,486,487,488
456;1;-8.727270;-24.242400;0.000000;423,455,424,457,425,487,488,489
457;1;-8.727270;-22.303000;0.000000;424,456,425,458,426,488,489,490
458;1;-8.727270;-20.363600;0.000000;425,457,426,459,427,489,490,491
459;1;-8.727270;-18.424200;0.000000;426,458,427,460,428,490,491,492
460;1;-8.727270;-16.484800;0.000000;427,459,428,461,429,491,492,493
461;1;-8.727270;-14.545500;0.000000;428,460,429,462,430,492,493,494
462;1;-8.727270;-12.606100;0.000000;429,461,430,463,431,493,494,495
463;1;-8.727270;-10.666700;0.000000;430,462,431,464,432,494,495,496
464;1;-8.727270;-8.727270;0.000000;431,463,432,465,433,495,496,497
465;1;-8.727270;-6.787880;0.000000;432,464,433,466,434,496,497,498
466;1;-8.727270;-4.848480;0.000000;433,465,434,467,435,497,498,499
467;1;-8.727270;-2.909090;0.000000;434,466,435,468,436,498,499,500
468;1;-8.727270;-0.969696;0.000000;435,467,436,469,437,499,500,501
469;1;-8.727270;0.969698;0.000000;436,468,437,470,438,500,501,502
470;1;-8.727270;2.909090;0.000000;437,469,438,471,439,501,502,503
471;1;-8.727270;4.848480;0.000000;438,470,439,472,440,502,503,504
472;1;-8.727270;6.787880;0.000000;439,471,440,473,441,503,504,505
473;1;-8.727270;8.727270;0.000000;440,472,441,474,442,504,505,506
474;1;-8.727270;10.666700;0.000000;441,473,442,475,443,505,506,507
475;1;-8.727270;12.606100;0.000000;442,474,443,476,444,506,507,508
476;1;-8.727270;14.545500;0.000000;443,475,444,477,445,507,508,509
477;1;-8.727270;16.484800;0.000000;444,476,445,478,446,508,509,510
478;1;-8.727270;18.424200;0.000000;445,477,446,479,447,509,510,511
479;1;-8.727270;20.363600;0.000000;446,478,447,480,448,510,511,512
480;1;-8.727270;22.303000;0.000000;447,479,448,481,449,511,512,513
481;1;-8.727270;24.242400;0.000000;448,480,449,482,450,512,513,514
482;1;-8.727270;26.181800;0.000000;449,481,450,483,451,513,514,515
483;1;-8.727270;28.121200;0.000000;450,482,451,28,26,514,515,30
484;1;-6.787880;-32.000000;0.000000;452,485,453,516,517
485;1;-6.787880;-30.060600;0.000000;452,484,453,486,454,516,517,518
486;1;-6.787880;-28.121200;0.000000;453,485,454,487,455,517,518,519
487;1;-6.787880;-26.181800;0.000000;454,486,455,488,456,518,519,520
488;1;-6.787880;-24.242400;0.000000;455,487,456,489,457,519,520,521
489;1;-6.787880;-22.303000;0.000000;456,488,457,490,458,520,521,522
490;1;-6.787880;-20.363600;0.000000;457,489,458,491,459,521,522,523
491;1;-6.787880;-18.424200;0.000000;458,490,459,492,460,522,523,524
492;1;-6.787880;-16.484800;0.000000;459,491,460,493,461,523,524,525
493;1;-6.787880;-14.545500;0.000000;460,492,461,494,462,524,525,526
494;1;-6.787880;-12.606100;0.000000;461,493,462,495,463,525,526,527
495;1;-6.787880;-10.666700;0.000000;462,494,463,496,464,526,527,528
496;1;-6.787880;-8.727270;0.000000;463,495,464,497,465,527,528,529
497;1;-6.787880;-6.787880;0.000000;464,496,465,498,466,528,529,530
498;1;-6.787880;-4.848480;0.000000;465,497,466,499,467,529,530,531
499;1;-6.787880;-2.909090;0.000000;466,498,467,500,468,530,531,532
500;1;-6.787880;-0.969696;0.000000;467,499,468,501,469,531,532,533
501;1;-6.787880;0.969698;0.000000;468,500,469,502,470,532,533,534
502;1;-6.787880;2.909090;0.000000;469,501,470,503,471,533,534,535
503;1;-6.787880;4.848480;0.000000;470,502,471,504,472,534,535,536
504;1;-6.787880;6.787880;0.000000;471,503,472,505,473,535,536,537
505;1;-6.787880;8.727270;0.000000;472,504,473,506,474,536,537,538
506;1;-6.787880;10.666700;0.000000;473,505,474,507,475,537,538,539
507;1;-6.787880;12.606100;0.000000;474,506,475,508,476,538,539,540
508;1;-6.787880;14.545500;0.000000;475,507,476,509,477,539,540,541
509;1;-6.787880;16.484800;0.000000;476,508,477,510,478,540,541,542
510;1;-6.787880;18.424200;0.000000;477,509,478,511,479,541,542,543
511;1;-6.787880;20.363600;0.000000;478,510,479,512,480,542,543,544
512;1;-6.787880;22.303000;0.000000;479,511,480,513,481,543,544,545
513;1;-6.787880;24.242400;0.000000;480,512,481,514,482,544,545,546
514;1;-6.787880;26.181800;0.000000;481,513,482,515,483,545,546,547
515;1;-6.787880;28.121200;0.000000;482,514,483,30,28,546,547,32
516;1;-4.848480;-32.000000;0.000000;484,517,485,548,549
517;1;-4.848480;-30.060600;0.000000;484,516,485,518,486,548,549,550
518;1;-4.848480;-28.121200;0.000000;485,517,486,519,487,549,550,551
519;1;-4.848480;-26.181800;0.000000;486,518,487,520,488,550,551,552
520;1;-4.848480;-24.242400;0.000000;487,519,488,521,489,551,552,553
521;1;-4.848480;-22.303000;0.000000;488,520,489,522,490,552,553,554
522;1;-4.848480;-20.363600;0.000000;489,521,490,523,491,553,554,555
523;1;-4.848480;-18.424200;0.000000;490,522,491,524,492,554,555,556
524;1;-4.848480;-16.484800;0.000000;491,523,492,525,493,555,556,557
525;1;-4.848480;-14.545500;0.000000;492,524,493,526,494,556,557,558
526;1;-4.848480;-12.606100;0.000000;493,525,494,527,495,557,558,559
527;1;-4.848480;-10.666700;0.000000;494,526,495,528,496,558,559,560
528;1;-4.848480;-8.727270;0.000000;495,527,496,529,497,559,560,561
529;1;-4.848480;-6.787880;0.000000;496,528,497,530,498,560,561,562
530;1;-4.848480;-4.848480;0.000000;497,529,498,531,499,561,562,563
531;1;-4.848480;-2.909090;0.000000;498,530,499,532,500,562,563,564
532;1;-4.848480;-0.969696;0.000000;499,531,500,533,501,563,564,565
533;1;-4.848480;0.969698;0.000000;500,532,501,534,502,564,565,566
534;1;-4.848480;2.909090;0.000000;501,533,502,535,503,565,566,567
535;1;-4.848480;4.848480;0.000000;502,534,503,536,504,566,567,568
536;1;-4.848480;6.787880;0.000000;503,535,504,537,505,567,568,569
537;1;-4.848480;8.727270;0.000000;504,536,505,538,506,568,569,570
538;1;-4.848480;10.666700;0.000000;505,537,506,539,507,569,570,571
539;1;-4.848480;12.606100;0.000000;506,538,507,540,508,570,571,572
540;1;-4.848480;14.545500;0.000000;507,539,508,541,509,571,572,573
541;1;-4.848480;16.484800;0.000000;508,540,509,542,510,572,573,574
542;1;-4.848480;18.424200;0.000000;509,541,510,543,511,573,574,575
543;1;-4.848480;20.363600;0.000000;510,542,511,544,512,574,575,576
544;1;-4.848480;22.303000;0.000000;511,543,512,545,513,575,576,577
545;1;-4.848480;24.242400;0.000000;512,544,513,546,514,576,577,578
546;1;-4.848480;26.181800;0.000000;513,545,514,547,515,577,578,579
547;1;-4.848480;28.121200;0.000000;514,546,515,32,30,578,579,34
548;0;-2.909090;-32.000000;0.000000;516,549,517,580,581
549;0;-2.909090;-30.060600;0.000000;516,548,517,550,518,580,581,582
550;0;-2.909090;-28.121200;0.000000;517,549,518,551,519,581,582,583
551;0;-2.909090;-26.181800;0.000000;518,550,519,552,520,582,583,584
552;0;-2.909090;-24.242400;0.000000;519,551,520,553,521,583,584,585
553;0;-2.909090;-22.303000;0.000000;520,552,521,554,522,584,585,586
554;0;-2.909090;-20.363600;0.000000;521,553,522,555,523,585,586,587
555;0;-2.909090;-18.424200;0.000000;522,554,523,556,524,586,587,588
556;0;-2.909090;-16.484800;0.000000;523,555,524,557,525,587,588,589
557;0;-2.909090;-14.545500;0.000000;524,556,525,558,526,588,589,590
558;0;-2.909090;-12.606100;0.000000;525,557,526,559,527,589,590,591
559;0;-2.909090;-10.666700;0.000000;526,558,527,560,528,590,591,592
560;0;-2.909090;-8.727270;0.000000;527,559,528,561,529,591,592,593
561;0;-2.909090;-6.787880;0.000000;528,560,529,562,530,592,593,594
562;0;-2.909090;-4.848480;0.000000;529,561,530,563,531,593,594,595
563;0;-2.909090;-2.909090;0.000000;530,562,531,564,532,594,595,596
564;0;-2.909090;-0.969696;0.000000;531,563,532,565,533,595,596,597
565;0;-2.909090;0.969698;0.000000;532,564,533,566,534,596,597,598
566;0;-2.909090;2.909090;0.000000;533,565,534,567,535,597,598,599
567;1;-2.909090;4.848480;0.000000;534,566,535,568,536,598,599,600
568;1;-2.909090;6.787880;0.000000;535,567,536,569,537,599,600,601
569;1;-2.909090;8.727270;0.000000;536,568,537,570,538,600,601,602
570;1;-2.909090;10.666700;0.000000;537,569,538,571,539,601,602,603
571;1;-2.909090;12.606100;0.000000;538,570,539,572,540,602,603,604
572;1;-2.909090;14.545500;0.000000;539,571,540,573,541,603,604,605
573;1;-2.909090;16.484800;0.000000;540,572,541,574,542,604,605,606
574;1;-2.909090;18.424200;0.000000;541,573,542,575,543,605,606,607
575;1;-2.909090;20.363600;0.000000;542,574,543,576,544,606,607,608
576;1;-2.909090;22.303000;0.000000;543,575,544,577,545,607,608,609
577;1;-2.909090;24.242400;0.000000;544,576,545,578,546,608,609,610
578;1;-2.909090;26.181800;0.000000;545,577,546,579,547,609,610,611
579;1;-2.909090;28.121200;0.000000;546,578,547,34,32,610,611,36
580;0;-0.969696;-32.000000;0.000000;548,581,549,612,613
581;0;-0.969696;-30.060600;0.000000;548,580,549,582,550,612,613,614
582;0;-0.969696;-28.121200;0.000000;549,581,550,583,551,613,614,615
583;0;-0.969696;-26.181800;0.000000;550,582,551,584,552,614,615,616
584;0;-0.969697;-24.242400;0.000000;551,583,552,585,553,615,616,617
585;0;-0.969697;-22.303000;0.000000;552,584,553,586,554,616,617,618
586;0;-0.969697;-20.363600;0.000000;553,585,554,587,555,617,618,619
587;0;-0.969697;-18.424200;0.000000;554,586,555,588,556,618,619,620
588;0;-0.969697;-16.484800;0.000000;555,587,556,589,557,619,620,621
589;0;-0.969697;-14.545500;0.000000;556,588,557,590,558,620,621,622
590;0;-0.969697;-12.606100;0.000000;557,589,558,591,559,621,622,623
591;0;-0.969697;-10.666700;0.000000;558,590,559,592,560,622,623,624
592;0;-0.969697;-8.727270;0.000000;559,591,560,593,561,623,624,625
593;0;-0.969697;-6.787880;0.000000;560,592,561,594,562,624,625,626
594;0;-0.969697;-4.848480;0.000000;561,593,562,595,563,625,626,627
595;0;-0.969697;-2.909090;0.000000;562,594,563,596,564,626,627,628
596;0;-0.969697;-0.969696;0.000000;563,595,564,597,565,627,628,629
597;0;-0.969697;0.969698;0.000000;564,596,565,598,566,628,629,630
598;0;-0.969697;2.909090;0.000000;565,597,566,599,567,629,630,631
599;1;-0.969697;4.848480;0.000000;566,598,567,600,568,630,631,632
600;1;-0.969697;6.787880;0.000000;567,599,568,601,569,631,632,633
601;1;-0.969697;8.727270;0.000000;568,600,569,602,570,632,633,634
602;1;-0.969697;10.666700;0.000000;569,601,570,603,571,633,634,635
603;1;-0.969697;12.606100;0.000000;570,602,571,604,572,634,635,636
604;1;-0.969697;14.545500;0.000000;571,603,572,605,573,635,636,637
605;1;-0.969697;16.484800;0.000000;572,604,573,606,574,636,637,638
606;1;-0.969697;18.424200;0.000000;573,605,574,607,575,637,638,639
607;1;-0.969697;20.363600;0.000000;574,606,575,608,576,638,639,640
608;1;-0.969697;22.303000;0.000000;575,607,576,609,577,639,640,641
609;1;-0.969697;24.242400;0.000000;576,608,577,610,578,640,641,642
610;1;-0.969697;26.181800;0.000000;577,609,578,611,579,641,642,643
611;1;-0.969698;28.121200;0.000000;578,610,579,36,34,642,643,38
612;0;0.969698;-32.000000;0.000000;580,613,581,644,645
613;0;0.969698;-30.060600;0.000000;580,612,581,614,582,644,645,646
614;0;0.969697;-28.121200;0.000000;581,613,582,615,583,645,646,647
615;0;0.969697;-26.181800;0.000000;582,614,583,616,584,646,647,648
616;0;0.969697;-24.242400;0.000000;583,615,584,617,585,647,648,649
617;0;0.969697;-22.303000;0.000000;584,616,585,618,586,648,649,650
618;0;0.969697;-20.363600;0.000000;585,617,586,619,587,649,650,651
619;0;0.969697;-18.424200;0.000000;586,618,587,620,588,650,651,652
620;0;0.969697;-16.484800;0.000000;587,619,588,621,589,651,652,653
621;0;0.969697;-14.545500;0.000000;588,620,589,622,590,652,653,654
622;0;0.969697;-12.606100;0.000000;589,621,590,623,591,653,654,655
623;0;0.969697;-10.666700;0.000000;590,622,591,624,592,654,655,656
624;0;0.969697;-8.727270;0.000000;591,623,592,625,593,655,656,657
625;0;0.969697;-6.787880;0.000000;592,624,593,626,594,656,657,658
626;0;0.969697;-4.848480;0.000000;593,625,594,627,595,657,658,659
627;0;0.969697;-2.909090;0.000000;594,626,595,628,596,658,659,660
628;0;0.969697;-0.969696;0.000000;595,627,596,629,597,659,660,661
629;0;0.969697;0.969698;0.000000;596,628,597,630,598,660,661,662
630;0;0.969697;2.909090;0.000000;597,629,598,631,599,661,662,663
631;1;0.969697;4.848480;0.000000;598,630,599,632,600,662,663,664
632;1;0.969697;6.787880;0.000000;599,631,600,633,601,663,664,665
633;1;0.969697;8.727270;0.000000;600,632,601,634,602,664,665,666
634;1;0.969697;10.666700;0.000000;601,633,602,635,603,665,666,667
635;1;0.969697;12.606100;0.000000;602,634,603,636,604,666,667,668
636;1;0.969697;14.545500;0.000000;603,635,604,637,605,667,668,669
637;1;0.969697;16.484800;0.000000;604,636,605,638,606,668,669,670
638;1;0.969697;18.424200;0.000000;605,637,606,639,607,669,670,671
639;1;0.969696;20.363600;0.000000;606,638,607,640,608,670,671,672
640;1;0.969696;22.303000;0.000000;607,639,608,641,609,671,672,673
641;1;0.969696;24.242400;0.000000;608,640,609,642,610,672,673,674
642;1;0.969696;26.181800;0.000000;609,641,610,643,611,673,674,675
643;1;0.969696;28.121200;0.000000;610,642,611,38,36,674,675,40
644;0;2.909090;-32.000000;0.000000;612,645,613,676,677
645;0;2.909090;-30.060600;0.000000;612,644,613,646,614,676,677,678
646;0;2.909090;-28.121200;0.000000;613,645,614,647,615,677,678,679
647;0;2.909090;-26.181800;0.000000;614,646,615,648,616,678,679,680
648;0;2.909090;-24.242400;0.000000;615,647,616,649,617,679,680,681
649;0;2.909090;-22.303000;0.000000;616,648,617,650,618,680,681,682
650;0;2.909090;-20.363600;0.000000;617,649,618,651,619,681,682,683
651;0;2.909090;-18.424200;0.000000;618,650,619,652,620,682,683,684
652;0;2.909090;-16.484800;0.000000;619,651,620,653,621,683,684,685
653;0;2.909090;-14.545500;0.000000;620,652,621,654,622,684,685,686
654;0;2.909090;-12.606100;0.000000;621,653,622,655,623,685,686,687
655;0;2.909090;-10.666700;0.000000;622,654,623,656,624,686,687,688
656;0;2.909090;-8.727270;0.000000;623,655,624,657,625,687,688,689
657;0;2.909090;-6.787880;0.000000;624,656,625,658,626,688,689,690
658;0;2.909090;-4.848480;0.000000;625,657,626,659,627,689,690,691
659;0;2.909090;-2.909090;0.000000;626,658,627,660,628,690,691,692
660;0;2.909090;-0.969696;0.000000;627,659,628,661,629,691,692,693
661;0;2.909090;0.969698;0.000000;628,660,629,662,630,692,693,694
662;0;2.909090;2.909090;0.000000;629,661,630,663,631,693,694,695
663;1;2.909090;4.848480;0.000000;630,662,631,664,632,694,695,696
664;1;2.909090;6.787880;0.000000;631,663,632,665,633,695,696,697
665;1;2.909090;8.727270;0.000000;632,664,633,666,634,696,697,698
666;1;2.909090;10.666700;0.000000;633,665,634,667,635,697,698,699
667;1;2.909090;12.606100;0.000000;634,666,635,668,636,698,699,700
668;1;2.909090;14.545500;0.000000;635,667,636,669,637,699,700,701
669;1;2.909090;16.484800;0.000000;636,668,637,670,638,700,701,702
670;1;2.909090;18.424200;0.000000;637,669,638,671,639,701,702,703
671;1;2.909090;20.363600;0.000000;638,670,639,672,640,702,703,704
672;1;2.909090;22.303000;0.000000;639,671,640,673,641,703,704,705
673;1;2.909090;24.242400;0.000000;640,672,641,674,642,704,705,706
674;1;2.909090;26.181800;0.000000;641,673,642,675,643,705,706,707
675;1;2.909090;28.121200;0.000000;642,674,643,40,38,706,707,42
676;1;4.848480;-32.000000;0.000000;644,677,645,708,709
677;1;4.848480;-30.060600;0.000000;644,676,645,678,646,708,709,710
678;1;4.848480;-28.121200;0.000000;645,677,646,679,647,709,710,711
679;1;4.848480;-26.181800;0.000000;646,678,647,680,648,710,711,712
680;1;4.848480;-24.242400;0.000000;647,679,648,681,649,711,712,713
681;1;4.848480;-22.303000;0.000000;648,680,649,682,650,712,713,714
682;1;4.848480;-20.363600;0.000000;649,681,650,683,651,713,714,715
683;1;4.848480;-18.424200;0.000000;650,682,651,684,652,714,715,716
684;1;4.848480;-16.484800;0.000000;651,683,652,685,653,715,716,717
685;1;4.848480;-14.545500;0.000000;652,684,653,686,654,716,717,718
686;1;4.848480;-12.606100;0.000000;653,685,654,687,655,717,718,719
687;1;4.848480;-10.666700;0.000000;654,686,655,688,656,718,719,720
688;1;4.848480;-8.727270;0.000000;655,687,656,689,657,719,720,721
689;1;4.848480;-6.787880;0.000000;656,688,657,690,658,720,721,722
690;1;4.848480;-4.848480;0.000000;657,689,658,691,659,721,722,723
691;1;4.848480;-2.909090;0.000000;658,690,659,692,660,722,723,724
692;1;4.848480;-0.969696;0.000000;659,691,660,693,661,723,724,725
693;1;4.848480;0.969698;0.000000;660,692,661,694,662,724,725,726
694;1;4.848480;2.909090;0.000000;661,693,662,695,663,725,726,727
695;1;4.848480;4.848480;0.000000;662,694,663,696,664,726,727,728
696;1;4.848480;6.787880;0.000000;663,695,664,697,665,727,728,729
697;1;4.848480;8.727270;0.000000;664,696,665,698,666,728,729,730
698;1;4.848480;10.666700;0.000000;665,697,666,699,667,729,730,731
699;1;4.848480;12.606100;0.000000;666,698,667,700,668,730,731,732
700;1;4.848480;14.545500;0.000000;667,699,668,701,669,731,732,733
701;1;4.848480;16.484800;0.000000;668,700,669,702,670,732,733,734
702;1;4.848480;18.424200;0.000000;669,701,670,703,671,733,734,735
703;1;4.848480;20.363600;0.000000;670,702,671,704,672,734,735,736
704;1;4.848480;22.303000;0.000000;671,703,672,705,673,735,736,737
705;1;4.848480;24.242400;0.000000;672,704,673,706,674,736,737,738
706;1;4.848480;26.181800;0.000000;673,705,674,707,675,737,738,739
707;1;4.848480;28.121200;0.000000;674,706,675,42,40,738,739,44
708;1;6.787880;-32.000000;0.000000;676,709,677,740,741
709;1;6.787880;-30.060600;0.000000;676,708,677,710,678,740,741,742
710;1;6.787880;-28.121200;0.000000;677,709,678,711,679,741,742,743
711;1;6.787880;-26.181800;0.000000;678,710,679,712,680,742,743,744
712;1;6.787880;-24.242400;0.000000;679,711,680,713,681,743,744,745
713;1;6.787880;-22.303000;0.000000;680,712,681,714,682,744,745,746
714;1;6.787880;-20.363600;0.000000;681,713,682,715,683,745,746,747
715;1;6.787880;-18.424200;0.000000;682,714,683,716,684,746,747,748
716;1;6.787880;-16.484800;0.000000;683,715,684,717,685,747,748,749
717;1;6.787880;-14.545500;0.000000;684,716,685,718,686,748,749,750
718;1;6.787880;-12.606100;0.000000;685,717,686,719,687,749,750,751
719;1;6.787880;-10.666700;0.000000;686,718,687,720,688,750,751,752
720;1;6.787880;-8.727270;0.000000;687,719,688,721,689,751,752,753
721;1;6.787880;-6.787880;0.000000;688,720,689,722,690,752,753,754
722;1;6.787880;-4.848480;0.000000;689,721,690,723,691,753,754,755
723;1;6.787880;-2.909090;0.000000;690,722,691,724,692,754,755,756
724;1;6.787880;-0.969696;0.000000;691,723,692,725,693,755,756,757
725;1;6.787880;0.969698;0.000000;692,724,693,726,694,756,757,758
726;1;6.787880;2.909090;0.000000;693,725,694,727,695,757,758,759
727;1;6.787880;4.848480;0.000000;694,726,695,728,696,758,759,760
728;1;6.787880;6.787880;0.000000;695,727,696,729,697,759,760,761
729;1;6.787880;8.727270;0.000000;696,728,697,730,698,760,761,762
730;1;6.787880;10.666700;0.000000;697,729,698,731,699,761,762,763
731;1;6.787880;12.606100;0.000000;698,730,699,732,700,762,763,764
732;1;6.787880;14.545500;0.000000;699,731,700,733,701,763,764,765
733;1;6.787880;16.484800;0.000000;700,732,701,734,702,764,765,766
734;1;6.787880;18.424200;0.000000;701,733,702,735,703,765,766,767
735;1;6.787880;20.363600;0.000000;702,734,703,736,704,766,767,768
736;1;6.787880;22.303000;0.000000;703,735,704,737,705,767,768,769
737;1;6.787880;24.242400;0.000000;704,736,705,738,706,768,769,770
738;1;6.787880;26.181800;0.000000;705,737,706,739,707,769,770,771
739;1;6.787880;28.121200;0.000000;706,738,707,44,42,770,771,46
740;1;8.727270;-32.000000;0.000000;708,741,709,772,773
741;1;8.727270;-30.060600;0.000000;708,740,709,742,710,772,773,774
742;1;8.727270;-28.121200;0.000000;709,741,710,743,711,773,774,775
743;1;8.727270;-26.181800;0.000000;710,742,711,744,712,774,775,776
744;1;8.727270;-24.242400;0.000000;711,743,712,745,713,775,776,777
745;1;8.727270;-22.303000;0.000000;712,744,713,746,714,776,777,778
746;1;8.727270;-20.363600;0.000000;713,745,714,747,715,777,778,779
747;1;8.727270;-18.424200;0.000000;714,746,715,748,716,778,779,780
748;1;8.727270;-16.484800;0.000000;715,747,716,749,717,779,780,781
749;1;8.727270;-14.545500;0.000000;716,748,717,750,718,780,781,782
750;1;8.727270;-12.606100;0.000000;717,749,718,751,719,781,782,783
751;1;8.727270;-10.666700;0.000000;718,750,719,752,720,782,783,784
752;1;8.727270;-8.727270;0.000000;719,751,720,753,721,783,784,785
753;1;8.727270;-6.787880;0.000000;720,752,721,754,722,784,785,786
754;1;8.727270;-4.848480;0.000000;721,753,722,755,723,785,786,787
755;1;8.727270;-2.909090;0.000000;722,754,723,756,724,786,787,788
756;1;8.727270;-0.969696;0.000000;723,755,724,757,725,787,788,789
757;1;8.727270;0.969698;0.000000;724,756,725,758,726,788,789,790
758;1;8.727270;2.909090;0.000000;725,757,726,759,727,789,790,791
759;1;8.727270;4.848480;0.000000;726,758,727,760,728,790,791,792
760;1;8.727270;6.787880;0.000000;727,759,728,761,729,791,792,793
761;1;8.727270;8.727270;0.000000;728,760,729,762,730,792,793,794
762;1;8.727270;10.666700;0.000000;729,761,730,763,731,793,794,795
763;1;8.727270;12.606100;0.000000;730,762,731,764,732,794,795,796
764;1;8.727270;14.545500;0.000000;731,763,732,765,733,795,796,797
765;1;8.727270;16.484800;0.000000;732,764,733,766,734,796,797,798
766;1;8.727270;18.424200;0.000000;733,765,734,767,735,797,798,799
767;1;8.727270;20.363600;0.000000;734,766,735,768,736,798,799,800
768;1;8.727270;22.303000;0.000000;735,767,736,769,737,799,800,801
769;1;8.727270;24.242400;0.000000;736,768,737,770,738,800,801,802
770;1;8.727270;26.181800;0.000000;737,769,738,771,739,801,802,803
771;1;8.727270;28.121200;0.000000;738,770,739,46,44,802,803,48
772;1;10.666700;-32.000000;0.000000;740,773,741,804,805
773;1;10.666700;-30.060600;0.000000;740,772,741,774,742,804,805,806
774;1;10.666700;-28.121200;0.000000;741,773,742,775,743,805,806,807
775;1;10.666700;-26.181800;0.000000;742,774,743,776,744,806,807,808
776;1;10.666700;-24.242400;0.000000;743,775,744,777,745,807,808,809
777;1;10.666700;-22.303000;0.000000;744,776,745,778,746,808,809,810
778;1;10.666700;-20.363600;0.000000;745,777,746,779,747,809,810,811
779;1;10.666700;-18.424200;0.000000;746,778,747,780,748,810,811,812
780;1;10.666700;-16.484800;0.000000;747,779,748,781,749,811,812,813
781;1;10.666700;-14.545500;0.000000;748,780,749,782,750,812,813,814
782;1;10.666700;-12.606100;0.000000;749,781,750,783,751,813,814,815
783;1;10.666700;-10.666700;0.000000;750,782,751,784,752,814,815,816
784;1;10.666700;-8.727270;0.000000;751,783,752,785,753,815,816,817
785;1;10.666700;-6.787880;0.000000;752,784,753,786,754,816,817,818
786;1;10.666700;-4.848480;0.000000;753,785,754,787,755,817,818,819
787;1;10.666700;-2.909090;0.000000;754,786,755,788,756,818,819,820
788;1;10.666700;-0.969696;0.000000;755,787,756,789,757,819,820,821
789;1;10.666700;0.969698;0.000000;756,788,757,790,758,820,821,822
790;1;10.666700;2.909090;0.000000;757,789,758,791,759,821,822,823
791;1;10.666700;4.848480;0.000000;758,790,759,792,760,822,823,824
792;1;10.666700;6.787880;0.000000;759,791,760,793,761,823,824,825
793;1;10.666700;8.727270;0.000000;760,792,761,794,762,824,825,826
794;1;10.666700;10.666700;0.000000;761,793,762,795,763,825,826,827
795;1;10.666700;12.606100;0.000000;762,794,763,796,764,826,827,828
796;1;10.666700;14.545500;0.000000;763,795,764,797,765,827,828,829
797;1;10.666700;16.484800;0.000000;764,796,765,798,766,828,829,830
798;1;10.666700;18.424200;0.000000;765,797,766,799,767,829,830,831
799;1;10.666700;20.363600;0.000000;766,798,767,800,768,830,831,832
800;1;10.666700;22.303000;0.000000;767,799,768,801,769,831,832,833
801;1;10.666700;24.242400;0.000000;768,800,769,802,770,832,833,834
802;1;10.666700;26.181800;0.000000;769,801,770,803,771,833,834,835
803;1;10.666700;28.121200;0.000000;770,802,771,48,46,834,835,50
804;1;12.606100;-32.000000;0.000000;772,805,773,836,837
805;1;12.606100;-30.060600;0.000000;772,804,773,806,774,836,837,838
806;1;12.606100;-28.121200;0.000000;773,805,774,807,775,837,838,839
807;1;12.606100;-26.181800;0.000000;774,806,775,808,776,838,839,840
808;1;12.606100;-24.242400;0.000000;775,807,776,809,777,839,840,841
809;1;12.606100;-22.303000;0.000000;776,808,777,810,778,840,841,842
810;1;12.606100;-20.363600;0.000000;777,809,778,811,779,841,842,843
811;1;12.606100;-18.424200;0.000000;778,810,779,812,780,842,843,844
812;1;12.606100;-16.484800;0.000000;779,811,780,813,781,843,844,845
813;1;12.606100;-14.545500;0.000000;780,812,781,814,782,844,845,846
814;1;12.606100;-12.606100;0.000000;781,813,782,815,783,845,846,847
815;1;12.606100;-10.666700;0.000000;782,814,783,816,784,846,847,848
816;1;12.606100;-8.727270;0.000000;783,815,784,817,785,847,848,849
817;1;12.606100;-6.787880;0.000000;784,816,785,818,786,848,849,850
818;1;12.606100;-4.848480;0.000000;785,817,786,819,787,849,850,851
819;1;12.606100;-2.909090;0.000000;786,818,787,820,788,850,851,852
820;1;12.606100;-0.969696;0.000000;787,819,788,821,789,851,852,853
821;1;12.606100;0.969698;0.000000;788,820,789,822,790,852,853,854
822;1;12.606100;2.909090;0.000000;789,821,790,823,791,853,854,855
823;1;12.606100;4.848480;0.000000;790,822,791,824,792,854,855,856
824;1;12.606100;6.787880;0.000000;791,823,792,825,793,855,856,857
825;1;12.606100;8.727270;0.000000;792,824,793,826,794,856,857,858
826;1;12.606100;10.666700;0.000000;793,825,794,827,795,857,858,859
827;1;12.606100;12.606100;0.000000;794,826,795,828,796,858,859,860
828;1;12.606100;14.545500;0.000000;795,827,796,829,797,859,860,861
829;1;12.606100;16.484800;0.000000;796,828,797,830,798,860,861,862
830;1;12.606100;18.424200;0.000000;797,829,798,831,799,861,862,863
831;1;12.606100;20.363600;0.000000;798,830,799,832,800,862,863,864
832;1;12.606100;22.303000;0.000000;799,831,800,833,801,863,864,865
833;1;12.606100;24.242400;0.000000;800,832,801,834,802,864,865,866
834;1;12.606100;26.181800;0.000000;801,833,802,835,803,865,866,867
835;1;12.606100;28.121200;0.000000;802,834,803,50,48,866,867,52
836;1;14.545500;-32.000000;0.000000;804,837,805,868,869
837;1;14.545500;-30.060600;0.000000;804,836,805,838,806,868,869,870
838;1;14.545500;-28.121200;0.000000;805,837,806,839,807,869,870,871
839;1;14.545500;-26.181800;0.000000;806,838,807,840,808,870,871,872
840;1;14.545500;-24.242400;0.000000;807,839,808,841,809,871,872,873
841;1;14.545500;-22.303000;0.000000;808,840,809,842,810,872,873,874
842;1;14.545500;-20.363600;0.000000;809,841,810,843,811,873,874,875
843;1;14.545500;-18.424200;0.000000;810,842,811,844,812,874,875,876
844;1;14.545500;-16.484800;0.000000;811,843,812,845,813,875,876,877
845;1;14.545500;-14.545500;0.000000;812,844,813,846,814,876,877,878
846;1;14.545500;-12.606100;0.000000;813,845,814,847,815,877,878,879
847;1;14.545500;-10.666700;0.000000;814,846,815,848,816,878,879,880
848;1;14.545500;-8.727270;0.000000;815,847,816,849,817,879,880,881
849;1;14.545500;-6.787880;0.000000;816,848,817,850,818,880,881,882
850;1;14.545500;-4.848480;0.000000;817,849,818,851,819,881,882,883
851;1;14.545500;-2.909090;0.000000;818,850,819,852,820,882,883,884
852;1;14.545500;-0.969696;0.000000;819,851,820,853,821,883,884,885
853;1;14.545500;0.969698;0.000000;820,852,821,854,822,884,885,886
854;1;14.545500;2.909090;0.000000;821,853,822,855,823,885,886,887
855;1;14.545500;4.848480;0.000000;822,854,823,856,824,886,887,888
856;1;14.545500;6.787880;0.000000;823,855,824,857,825,887,888,889
857;1;14.545500;8.727270;0.000000;824,856,825,858,826,888,889,890
858;1;14.545500;10.666700;0.000000;825,857,826,859,827,889,890,891
859;1;14.545500;12.606100;0.000000;826,858,827,860,828,890,891,892
860;1;14.545500;14.545500;0.000000;827,859,828,861,829,891,892,893
861;1;14.545500;16.484800;0.000000;828,860,829,862,830,892,893,894
862;1;14.545500;18.424200;0.000000;829,861,830,863,831,893,894,895
863;1;14.545500;20.363600;0.000000;830,862,831,864,832,894,895,896
864;1;14.545500;22.303000;0.000000;831,863,832,865,833,895,896,897
865;1;14.545500;24.242400;0.000000;832,864,833,866,834,896,897,898
866;1;14.545500;26.181800;0.000000;833,865,834,867,835,897,898,899
867;1;14.545500;28.121200;0.000000;834,866,835,52,50,898,899,54
868;1;16.484800;-32.000000;0.000000;836,869,837,900,901
869;1;16.484800;-30.060600;0.000000;836,868,837,870,838,900,901,902
870;1;16.484800;-28.121200;0.000000;837,869,838,871,839,901,902,903
871;1;16.484800;-26.181800;0.000000;838,870,839,872,840,902,903,904
872;1;16.484800;-24.242400;0.000000;839,871,840,873,841,903,904,905
873;1;16.484800;-22.303000;0.000000;840,872,841,874,842,904,905,906
874;1;16.484800;-20.363600;0.000000;841,873,842,875,843,905,906,907
875;1;16.484800;-18.424200;0.000000;842,874,843,876,844,906,907,908
876;1;16.484800;-16.484800;0.000000;843,875,844,877,845,907,908,909
877;1;16.484800;-14.545500;0.000000;844,876,845,878,846,908,909,910
878;1;16.484800;-12.606100;0.000000;845,877,846,879,847,909,910,911
879;1;16.484800;-10.666700;0.000000;846,878,847,880,848,910,911,912
880;1;16.484800;-8.727270;0.000000;847,879,848,881,849,911,912,913
881;1;16.484800;-6.787880;0.000000;848,880,849,882,850,912,913,914
882;1;16.484800;-4.848480;0.000000;849,881,850,883,851,913,914,915
883;1;16.484800;-2.909090;0.000000;850,882,851,884,852,914,915,916
884;1;16.484800;-0.969696;0.000000;851,883,852,885,853,915,916,917
885;1;16.484800;0.969698;0.000000;852,884,853,886,854,916,917,918
886;1;16.484800;2.909090;0.000000;853,885,854,887,855,917,918,919
887;1;16.484800;4.848480;0.000000;854,886,855,888,856,918,919,920
888;1;16.484800;6.787880;0.000000;855,887,856,889,857,919,920,921
889;1;16.484800;8.727270;0.000000;856,888,857,890,858,920,921,922
890;1;16.484800;10.666700;0.000000;857,889,858,891,859,921,922,923
891;1;16.484800;12.606100;0.000000;858,890,859,892,860,922,923,924
892;1;16.484800;14.545500;0.000000;859,891,860,893,861,923,924,925
893;1;16.484800;16.484800;0.000000;860,892,861,894,862,924,925,926
894;1;16.484800;18.424200;0.000000;861,893,862,895,863,925,926,927
895;1;16.484800;20.363600;0.000000;862,894,863,896,864,926,927,928
896;1;16.484800;22.303000;0.000000;863,895,864,897,865,927,928,929
897;1;16.484800;24.242400;0.000000;864,896,865,898,866,928,929,930
898;1;16.484800;26.181800;0.000000;865,897,866,899,867,929,930,931
899;1;16.484800;28.121200;0.000000;866,898,867,54,52,930,931,56
900;1;18.424200;-32.000000;0.000000;868,901,869,932,933
901;1;18.424200;-30.060600;0.000000;868,900,869,902,870,932,933,934
902;1;18.424200;-28.121200;0.000000;869,901,870,903,871,933,934,935
903;1;18.424200;-26.181800;0.000000;870,902,871,904,872,934,935,936
904;1;18.424200;-24.242400;0.000000;871,903,872,905,873,935,936,937
905;1;18.424200;-22.303000;0.000000;872,904,873,906,874,936,937,938
906;1;18.424200;-20.363600;0.000000;873,905,874,907,875,937,938,939
907;1;18.424200;-18.424200;0.000000;874,906,875,908,876,938,939,940
908;1;18.424200;-16.484800;0.000000;875,907,876,909,877,939,940,941
909;1;18.424200;-14.545500;0.000000;876,908,877,910,878,940,941,942
910;1;18.424200;-12.606100;0.000000;877,909,878,911,879,941,942,943
911;1;18.424200;-10.666700;0.000000;878,910,879,912,880,942,943,944
912;1;18.424200;-8.727270;0.000000;879,911,880,913,881,943,944,945
913;1;18.424200;-6.787880;0.000000;880,912,881,914,882,944,945,946
914;1;18.424200;-4.848480;0.000000;881,913,882,915,883,945,946,947
915;1;18.424200;-2.909090;0.000000;882,914,883,916,884,946,947,948
916;1;18.424200;-0.969696;0.000000;883,915,884,917,885,947,948,949
917;1;18.424200;0.969698;0.000000;884,916,885,918,886,948,949,950
918;1;18.424200;2.909090;0.000000;885,917,886,919,887,949,950,951
919;1;18.424200;4.848480;0.000000;886,918,887,920,888,950,951,952
920;1;18.424200;6.787880;0.000000;887,919,888,921,889,951,952,953
921;1;18.424200;8.727270;0.000000;888,920,889,922,890,952,953,954
922;1;18.424200;10.666700;0.000000;889,921,890,923,891,953,954,955
923;1;18.424200;12.606100;0.000000;890,922,891,924,892,954,955,956
924;1;18.424200;14.545500;0.000000;891,923,892,925,893,955,956,957
925;1;18.424200;16.484800;0.000000;892,924,893,926,894,956,957,958
926;1;18.424200;18.424200;0.000000;893,925,894,927,895,957,958,959
927;1;18.424200;20.363600;0.000000;894,926,895,928,896,958,959,960
928;1;18.424200;22.303000;0.000000;895,927,896,929,897,959,960,961
929;1;18.424200;24.242400;0.000000;896,928,897,930,898,960,961,962
930;1;18.424200;26.181800;0.000000;897,929,898,931,899,961,962,963
931;1;18.424200;28.121200;0.000000;898,930,899,56,54,962,963,58
932;1;20.363600;-32.000000;0.000000;900,933,901,964,965
933;1;20.363600;-30.060600;0.000000;900,932,901,934,902,964,965,966
934;1;20.363600;-28.121200;0.000000;901,933,902,935,903,965,966,967
935;1;20.363600;-26.181800;0.000000;902,934,903,936,904,966,967,968
936;1;20.363600;-24.242400;0.000000;903,935,904,937,905,967,968,969
937;1;20.363600;-22.303000;0.000000;904,936,905,938,906,968,969,970
938;1;20.363600;-20.363600;0.000000;905,937,906,939,907,969,970,971
939;1;20.363600;-18.424200;0.000000;906,938,907,940,908,970,971,972
940;1;20.363600;-16.484800;0.000000;907,939,908,941,909,971,972,973
941;1;20.363600;-14.545500;0.000000;908,940,909,942,910,972,973,974
942;1;20.363600;-12.606100;0.000000;909,941,910,943,911,973,974,975
943;1;20.363600;-10.666700;0.000000;910,942,911,944,912,974,975,976
944;1;20.363600;-8.727270;0.000000;911,943,912,945,913,975,976,977
945;1;20.363600;-6.787880;0.000000;912,944,913,946,914,976,977,978
946;1;20.363600;-4.848480;0.000000;913,945,914,947,915,977,978,979
947;1;20.363600;-2.909090;0.000000;914,946,915,948,916,978,979,980
948;1;20.363600;-0.969696;0.000000;915,947,916,949,917,979,980,981
949;1;20.363600;0.969698;0.000000;916,948,917,950,918,980,981,982
950;1;20.363600;2.909090;0.000000;917,949,918,951,919,981,982,983
951;1;20.363600;4.848480;0.000000;918,950,919,952,920,982,983,984
952;1;20.363600;6.787880;0.000000;919,951,920,953,921,983,984,985
953;1;20.363600;8.727270;0.000000;920,952,921,954,922,984,985,986
954;1;20.363600;10.666700;0.000000;921,953,922,955,923,985,986,987
955;1;20.363600;12.606100;0.000000;922,954,923,956,924,986,987,988
956;1;20.363600;14.545500;0.000000;923,955,924,957,925,987,988,989
957;1;20.363600;16.484800;0.000000;924,956,925,958,926,988,989,990
958;1;20.363600;18.424200;0.000000;925,957,926,959,927,989,990,991
959;1;20.363600;20.363600;0.000000;926,958,927,960,928,990,991,992
960;1;20.363600;22.303000;0.000000;927,959,928,961,929,991,992,993
961;1;20.363600;24.242400;0.000000;928,960,929,962,930,992,993,994
962;1;20.363600;26.181800;0.000000;929,961,930,963,931,993,994,995
963;1;20.363600;28.121200;0.000000;930,962,931,58,56,994,995,60
964;1;22.303000;-32.000000;0.000000;932,965,933,996,997
965;1;22.303000;-30.060600;0.000000;932,964,933,966,934,996,997,998
966;1;22.303000;-28.121200;0.000000;933,965,934,967,935,997,998,999
967;1;22.303000;-26.181800;0.000000;934,966,935,968,936,998,999,1000
968;1;22.303000;-24.242400;0.000000;935,967,936,969,937,999,1000,1001
969;1;22.303000;-22.303000;0.000000;936,968,937,970,938,1000,1001,1002
970;1;22.303000;-20.363600;0.000000;937,969,938,971,939,1001,1002,1003
971;1;22.303000;-18.424200;0.000000;938,970,939,972,940,1002,1003,1004
972;1;22.303000;-16.484800;0.000000;939,971,940,973,941,1003,1004,1005
973;1;22.303000;-14.545500;0.000000;940,972,941,974,942,1004,1005,1006
974;1;22.303000;-12.606100;0.000000;941,973,942,975,943,1005,1006,1007
975;1;22.303000;-10.666700;0.000000;942,974,943,976,944,1006,1007,1008
976;1;22.303000;-8.727270;0.000000;943,975,944,977,945,1007,1008,1009
977;1;22.303000;-6.787880;0.000000;944,976,945,978,946,1008,1009,1010
978;1;22.303000;-4.848480;0.000000;945,977,946,979,947,1009,1010,1011
979;1;22.303000;-2.909090;0.000000;946,978,947,980,948,1010,1011,1012
980;1;22.303000;-0.969696;0.000000;947,979,948,981,949,1011,1012,1013
981;1;22.303000;0.969698;0.000000;948,980,949,982,950,1012,1013,1014
982;1;22.303000;2.909090;0.000000;949,981,950,983,951,1013,1014,1015
983;1;22.303000;4.848480;0.000000;950,982,951,984,952,1014,1015,1016
984;1;22.303000;6.787880;0.000000;951,983,952,985,953,1015,1016,1017
985;1;22.303000;8.727270;0.000000;952,984,953,986,954,1016,1017,1018
986;1;22.303000;10.666700;0.000000;953,985,954,987,955,1017,1018,1019
987;1;22.303000;12.606100;0.000000;954,986,955,988,956,1018,1019,1020
988;1;22.303000;14.545500;0.000000;955,987,956,989,957,1019,1020,1021
989;1;22.303000;16.484800;0.000000;956,988,957,990,958,1020,1021,1022
990;1;22.303000;18.424200;0.000000;957,989,958,991,959,1021,1022,1023
991;1;22.303000;20.363600;0.000000;958,990,959,992,960,1022,1023,1024
992;1;22.303000;22.303000;0.000000;959,991,960,993,961,1023,1024,1025
993;1;22.303000;24.242400;0.000000;960,992,961,994,962,1024,1025,1026
994;1;22.303000;26.181800;0.000000;961,993,962,995,963,1025,1026,1027
995;1;22.303000;28.121200;0.000000;962,994,963,60,58,1026,1027,62
996;1;24.242400;-32.000000;0.000000;964,997,965,1028,1029
997;1;24.242400;-30.060600;0.000000;964,996,965,998,966,1028,1029,1030
998;1;24.242400;-28.121200;0.000000;965,997,966,999,967,1029,1030,1031
999;1;24.242400;-26.181800;0.000000;966,998,967,1000,968,1030,1031,1032
1000;1;24.242400;-24.242400;0.000000;967,999,968,1001,969,1031,1032,1033
1001;1;24.242400;-22.303000;0.000000;968,1000,969,1002,970,1032,1033,1034
1002;1;24.242400;-20.363600;0.000000;969,1001,970,1003,971,1033,1034,1035
1003;1;24.242400;-18.424200;0.000000;970,1002,971,1004,972,1034,1035,1036
1004;1;24.242400;-16.484800;0.000000;971,1003,972,1005,973,1035,1036,1037
1005;1;24.242400;-14.545500;0.000000;972,1004,973,1006,974,1036,1037,1038
1006;1;24.242400;-12.606100;0.000000;973,1005,974,1007,975,1037,1038,1039
1007;1;24.242400;-10.666700;0.000000;974,1006,975,1008,976,1038,1039,1040
1008;1;24.242400;-8.727270;0.000000;975,1007,976,1009,977,1039,1040,1041
1009;1;24.242400;-6.787880;0.000000;976,1008,977,1010,978,1040,1041,1042
1010;1;24.242400;-4.848480;0.000000;977,1009,978,1011,979,1041,1042,1043
1011;1;24.242400;-2.909090;0.000000;978,1010,979,1012,980,1042,1043,1044
1012;1;24.242400;-0.969696;0.000000;979,1011,980,1013,981,1043,1044,1045
1013;1;24.242400;0.969698;0.000000;980,1012,981,1014,982,1044,1045,1046
1014;1;24.242400;2.909090;0.000000;981,1013,982,1015,983,1045,1046,1047
1015;1;24.242400;4.848480;0.000000;982,1014,983,1016,984,1046,1047,1048
1016;1;24.242400;6.787880;0.000000;983,1015,984,1017,985,1047,1048,1049
1017;1;24.242400;8.727270;0.000000;984,1016,985,1018,986,1048,1049,1050
1018;1;24.242400;10.666700;0.000000;985,1017,986,1019,987,1049,1050,1051
1019;1;24.242400;12.606100;0.000000;986,1018,987,1020,988,1050,1051,1052
1020;1;24.242400;14.545500;0.000000;987,1019,988,1021,989,1051,1052,1053
1021;1;24.242400;16.484800;0.000000;988,1020,989,1022,990,1052,1053,1054
1022;1;24.242400;18.424200;0.000000;989,1021,990,1023,991,1053,1054,1055
1023;1;24.242400;20.363600;0.000000;990,1022,991,1024,992,1054,1055,1056
1024;1;24.242400;22.303000;0.000000;991,1023,992,1025,993,1055,1056,1057
1025;1;24.242400;24.242400;0.000000;992,1024,993,1026,994,1056,1057,1058
1026;1;24.242400;26.181800;0.000000;993,1025,994,1027,995,1057,1058,1059
1027;1;24.242400;28.121200;0.000000;994,1026,995,62,60,1058,1059,64
1028;1;26.181800;-32.000000;0.000000;996,1029,997,1060,1061
1029;1;26.181800;-30.060600;0.000000;996,1028,997,1030,998,1060,1061,1062
1030;1;26.181800;-28.121200;0.000000;997,1029,998,1031,999,1061,1062,1063
1031;1;26.181800;-26.181800;0.000000;998,1030,999,1032,1000,1062,1063,1064
1032;1;26.181800;-24.242400;0.000000;999,1031,1000,1033,1001,1063,1064,1065
1033;1;26.181800;-22.303000;0.000000;1000,1032,1001,1034,1002,1064,1065,1066
1034;1;26.181800;-20.363600;0.000000;1001,1033,1002,1035,1003,1065,1066,1067
1035;1;26.181800;-18.424200;0.000000;1002,1034,1003,1036,1004,1066,1067,1068
1036;1;26.181800;-16.484800;0.000000;1003,1035,1004,1037,1005,1067,1068,1069
1037;1;26.181800;-14.545500;0.000000;1004,1036,1005,1038,1006,1068,1069,1070
1038;1;26.181800;-12.606100;0.000000;1005,1037,1006,1039,1007,1069,1070,1071
1039;1;26.181800;-10.666700;0.000000;1006,1038,1007,1040,1008,1070,1071,1072
1040;1;26.181800;-8.727270;0.000000;1007,1039,1008,1041,1009,1071,1072,1073
1041;1;26.181800;-6.787880;0.000000;1008,1040,1009,1042,1010,1072,1073,1074
1042;1;26.181800;-4.848480;0.000000;1009,1041,1010,1043,1011,1073,1074,1075
1043;1;26.181800;-2.909090;0.000000;1010,1042,1011,1044,1012,1074,1075,1076
1044;1;26.181800;-0.969696;0.000000;1011,1043,1012,1045,1013,1075,1076,1077
1045;1;26.181800;0.969698;0.000000;1012,1044,1013,1046,1014,1076,1077,1078
1046;1;26.181800;2.909090;0.000000;1013,1045,1014,1047,1015,1077,1078,1079
1047;1;26.181800;4.848480;0.000000;1014,1046,1015,1048,1016,1078,1079,1080
1048;1;26.181800;6.787880;0.000000;1015,1047,1016,1049,1017,1079,1080,1081
1049;1;26.181800;8.727270;0.000000;1016,1048,1017,1050,1018,1080,1081,1082
1050;1;26.181800;10.666700;0.000000;1017,1049,1018,1051,1019,1081,1082,1083
1051;1;26.181800;12.606100;0.000000;1018,1050,1019,1052,1020,1082,1083,1084
1052;1;26.181800;14.545500;0.000000;1019,1051,1020,1053,1021,1083,1084,1085
1053;1;26.181800;16.484800;0.000000;1020,1052,1021,1054,1022,1084,1085,1086
1054;1;26.181800;18.424200;0.000000;1021,1053,1022,1055,1023,1085,1086,1087
1055;1;26.181800;20.363600;0.000000;1022,1054,1023,1056,1024,1086,1087,1088
1056;1;26.181800;22.303000;0.000000;1023,1055,1024,1057,1025,1087,1088,1089
1057;1;26.181800;24.242400;0.000000;1024,1056,1025,1058,1026,1088,1089,1090
1058;1;26.181800;26.181800;0.000000;1025,1057,1026,1059,1027,1089,1090,1091
1059;1;26.181800;28.121200;0.000000;1026,1058,1027,64,62,1090,1091,66
1060;1;28.121200;-32.000000;0.000000;1028,1061,1029,1092,1093
1061;1;28.121200;-30.060600;0.000000;1028,1060,1029,1062,1030,1092,1093,1094
1062;1;28.121200;-28.121200;0.000000;1029,1061,1030,1063,1031,1093,1094,1095
1063;1;28.121200;-26.181800;0.000000;1030,1062,1031,1064,1032,1094,1095,1096
1064;1;28.121200;-24.242400;0.000000;1031,1063,1032,1065,1033,1095,1096,1097
1065;1;28.121200;-22.303000;0.000000;1032,1064,1033,1066,1034,1096,1097,1098
1066;1;28.121200;-20.363600;0.000000;1033,1065,1034,1067,1035,1097,1098,1099
1067;1;28.121200;-18.424200;0.000000;1034,1066,1035,1068,1036,1098,1099,1100
1068;1;28.121200;-16.484800;0.000000;1035,1067,1036,1069,1037,1099,1100,1101
1069;1;28.121200;-14.545500;0.000000;1036,1068,1037,1070,1038,1100,1101,1102
1070;1;28.121200;-12.606100;0.000000;1037,1069,1038,1071,1039,1101,1102,1103
1071;1;28.121200;-10.666700;0.000000;1038,1070,1039,1072,1040,1102,1103,1104
1072;1;28.121200;-8.727270;0.000000;1039,1071,1040,1073,1041,1103,1104,1105
1073;1;28.121200;-6.787880;0.000000;1040,1072,1041,1074,1042,1104,1105,1106
1074;1;28.121200;-4.848480;0.000000;1041,1073,1042,1075,1043,1105,1106,1107
1075;1;28.121200;-2.909090;0.000000;1042,1074,1043,1076,1044,1106,1107,1108
1076;1;28.121200;-0.969696;0.000000;1043,1075,1044,1077,1045,1107,1108,1109
1077;1;28.121200;0.969698;0.000000;1044,1076,1045,1078,1046,1108,1109,1110
1078;1;28.121200;2.909090;0.000000;1045,1077,1046,1079,1047,1109,1110,1111
1079;1;28.121200;4.848480;0.000000;1046,1078,1047,1080,1048,1110,1111,1112
1080;1;28.121200;6.787880;0.000000;1047,1079,1048,1081,1049,1111,1112,1113
1081;1;28.121200;8.727270;0.000000;1048,1080,1049,1082,1050,1112,1113,1114
1082;1;28.121200;10.666700;0.000000;1049,1081,1050,1083,1051,1113,1114,1115
1083;1;28.121200;12.606100;0.000000;1050,1082,1051,1084,1052,1114,1115,1116
1084;1;28.121200;14.545500;0.000000;1051,1083,1052,1085,1053,1115,1116,1117
1085;1;28.121200;16.484800;0.000000;1052,1084,1053,1086,1054,1116,1117,1118
1086;1;28.121200;18.424200;0.000000;1053,1085,1054,1087,1055,1117,1118,1119
1087;1;28.121200;20.363600;0.000000;1054,1086,1055,1088,1056,1118,1119,1120
1088;1;28.121200;22.303000;0.000000;1055,1087,1056,1089,1057,1119,1120,1121
1089;1;28.121200;24.242400;0.000000;1056,1088,1057,1090,1058,1120,1121,1122
1090;1;28.121200;26.181800;0.000000;1057,1089,1058,1091,1059,1121,1122,1123
1091;1;28.121200;28.121200;0.000000;1058,1090,1059,66,64,1122,1123,0
1092;1;30.060600;-32.000000;0.000000;1060,1093,1061,1124,1125
1093;1;30.060600;-30.060600;0.000000;1060,1092,1061,1094,1062,1124,1125,1126
1094;1;30.060600;-28.121200;0.000000;1061,1093,1062,1095,1063,1125,1126,1127
1095;1;30.060600;-26.181800;0.000000;1062,1094,1063,1096,1064,1126,1127,1128
1096;1;30.060600;-24.242400;0.000000;1063,1095,1064,1097,1065,1127,1128,1129
1097;1;30.060600;-22.303000;0.000000;1064,1096,1065,1098,1066,1128,1129,1130
1098;1;30.060600;-20.363600;0.000000;1065,1097,1066,1099,1067,1129,1130,1131
1099;1;30.060600;-18.424200;0.000000;1066,1098,1067,1100,1068,1130,1131,1132
1100;1;30.060600;-16.484800;0.000000;1067,1099,1068,1101,1069,1131,1132,1133
1101;1;30.060600;-14.545500;0.000000;1068,1100,1069,1102,1070,1132,1133,1134
1102;1;30.060600;-12.606100;0.000000;1069,1101,1070,1103,1071,1133,1134,1135
1103;1;30.060600;-10.666700;0.000000;1070,1102,1071,1104,1072,1134,1135,1136
1104;1;30.060600;-8.727270;0.000000;1071,1103,1072,1105,1073,1135,1136,1137
1105;1;30.060600;-6.787880;0.000000;1072,1104,1073,1106,1074,1136,1137,1138
1106;1;30.060600;-4.848480;0.000000;1073,1105,1074,1107,1075,1137,1138,1139
1107;1;30.060600;-2.909090;0.000000;1074,1106,1075,1108,1076,1138,1139,1140
1108;1;30.060600;-0.969696;0.000000;1075,1107,1076,1109,1077,1139,1140,1141
1109;1;30.060600;0.969698;0.000000;1076,1108,1077,1110,1078,1140,1141,1142
1110;1;30.060600;2.909090;0.000000;1077,1109,1078,1111,1079,1141,1142,1143
1111;1;30.060600;4.848480;0.000000;1078,1110,1079,1112,1080,1142,1143,1144
1112;1;30.060600;6.787880;0.000000;1079,1111,1080,1113,1081,1143,1144,1145
1113;1;30.060600;8.727270;0.000000;1080,1112,1081,1114,1082,1144,1145,1146
1114;1;30.060600;10.666700;0.000000;1081,1113,1082,1115,1083,1145,1146,1147
1115;1;30.060600;12.606100;0.000000;1082,1114,1083,1116,1084,1146,1147,1148
1116;1;30.060600;14.545500;0.000000;1083,1115,1084,1117,1085,1147,1148,1149
1117;1;30.060600;16.484800;0.000000;1084,1116,1085,1118,1086,1148,1149,1150
1118;1;30.060600;18.424200;0.000000;1085,1117,1086,1119,1087,1149,1150,1151
1119;1;30.060600;20.363600;0.000000;1086,1118,1087,1120,1088,1150,1151,1152
1120;1;30.060600;22.303000;0.000000;1087,1119,1088,1121,1089,1151,1152,1153
1121;1;30.060600;24.242400;0.000000;1088,1120,1089,1122,1090,1152,1153,1154
1122;1;30.060600;26.181800;0.000000;1089,1121,1090,1123,1091,1153,1154,1155
1123;1;30.060600;28.121200;0.000000;1090,1122,1091,0,66,1154,1155,1
1124;1;32.000000;-32.000000;0.000000;1092,1125,1093
1125;1;32.000000;-30.060600;0.000000;1092,1124,1093,1126,1094
1126;1;32.000000;-28.121200;0.000000;1093,1125,1094,1127,1095
1127;1;32.000000;-26.181800;0.000000;1094,1126,1095,1128,1096
1128;1;32.000000;-24.242400;0.000000;1095,1127,1096,1129,1097
1129;1;32.000000;-22.303000;0.000000;1096,1128,1097,1130,1098
1130;1;32.000000;-20.363600;0.000000;1097,1129,1098,1131,1099
1131;1;32.000000;-18.424200;0.000000;1098,1130,1099,1132,1100
1132;1;32.000000;-16.484800;0.000000;1099,1131,1100,1133,1101
1133;1;32.000000;-14.545500;0.000000;1100,1132,1101,1134,1102
1134;1;32.000000;-12.606100;0.000000;1101,1133,1102,1135,1103
1135;1;32.000000;-10.666700;0.000000;1102,1134,1103,1136,1104
1136;1;32.000000;-8.727270;0.000000;1103,1135,1104,1137,1105
1137;1;32.000000;-6.787880;0.000000;1104,1136,1105,1138,1106
1138;1;32.000000;-4.848480;0.000000;1105,1137,1106,1139,1107
1139;1;32.000000;-2.909090;0.000000;1106,1138,1107,1140,1108
1140;1;32.000000;-0.969696;0.000000;1107,1139,1108,1141,1109
1141;1;32.000000;0.969698;0.000000;1108,1140,1109,1142,1110
1142;1;32.000000;2.909090;0.000000;1109,1141,1110,1143,1111
1143;1;32.000000;4.848480;0.000000;1110,1142,1111,1144,1112
1144;1;32.000000;6.787880;0.000000;1111,1143,1112,1145,1113
1145;1;32.000000;8.727270;0.000000;1112,1144,1113,1146,1114
1146;1;32.000000;10.666700;0.000000;1113,1145,1114,1147,1115
1147;1;32.000000;12.606100;0.000000;1114,1146,1115,1148,1116
1148;1;32.000000;14.545500;0.000000;1115,1147,1116,1149,1117
1149;1;32.000000;16.484800;0.000000;1116,1148,1117,1150,1118
1150;1;32.000000;18.424200;0.000000;1117,1149,1118,1151,1119
1151;1;32.000000;20.363600;0.000000;1118,1150,1119,1152,1120
1152;1;32.000000;22.303000;0.000000;1119,1151,1120,1153,1121
1153;1;32.000000;24.242400;0.000000;1120,1152,1121,1154,1122
1154;1;32.000000;26.181800;0.000000;1121,1153,1122,1155,1123
1155;1;32.000000;28.121200;0.000000;1122,1154,1123,1,0
